Population	Parent	Identity	DriverIdentity	DriverMutations	MigrationMutations	Immortal	PassengerMutations	BirthRate	MigrationRate	OriginTime	Descendants
0	0	0	0	0	0	1	0	1.000000	0.001458	0.000000	1000000
0	0	9	9	1	0	1	0	1.164598	0.001458	258.226013	122854
68	9	35	35	2	0	1	0	1.224650	0.001458	333.546814	543
0	0	25	25	1	0	1	0	1.164970	0.001458	300.904358	14640
0	0	76	76	1	0	1	0	1.302279	0.001458	399.639130	793605
44271	0	102	102	1	0	1	0	1.489482	0.001458	432.907379	68901
243479	76	254	254	2	0	1	0	1.925087	0.001458	541.463867	791920
7	76	339	339	2	0	1	0	1.595388	0.001458	582.191589	1685
3992	25	335	335	2	0	1	0	1.285805	0.001458	580.620789	3992
111977	254	500	500	3	0	1	0	2.357640	0.001458	628.104004	278327
3497	254	563	563	3	0	1	1	2.309571	0.001458	643.576294	22740
2508	102	717	717	2	0	1	0	1.803974	0.001458	667.719971	5186
20235	9	667	667	2	0	1	0	1.767655	0.001458	660.324646	122311
168	254	657	657	3	0	1	0	2.514098	0.001458	659.559448	1143
8810	254	731	731	3	0	1	0	2.445394	0.001458	670.480469	47458
1608	102	955	955	2	0	1	1	1.878349	0.001458	697.151672	1608
99	500	1277	1277	4	0	1	0	2.925450	0.001458	720.072632	99
1115	254	861	861	3	0	1	1	2.141368	0.001458	686.131348	1464
106919	500	941	941	4	0	1	1	3.077356	0.001458	695.124756	118889
0	254	896	896	3	0	1	0	2.093653	0.001458	690.825928	23290
3200	102	986	986	2	0	1	0	1.808293	0.001458	700.166321	3200
0	254	1175	1175	3	0	1	0	2.063921	0.001458	713.597351	38516
68232	667	997	997	3	0	1	0	2.395340	0.001458	701.247437	98334
10703	254	995	995	3	0	1	0	2.296821	0.001458	701.053406	14476
10636	25	1261	1261	2	0	1	0	1.843270	0.001458	718.803284	10648
1678	339	1159	1159	3	0	1	0	1.874078	0.001458	712.509216	1678
5464	500	1173	1173	4	0	1	0	2.900624	0.001458	713.510071	7452
36658	254	1323	1323	3	0	1	0	2.604249	0.001458	722.957642	46063
20337	896	1195	1195	4	0	1	0	2.653281	0.001458	714.897278	23290
1048	563	1363	1363	4	0	1	1	2.608482	0.001458	725.543152	19224
28865	731	1352	1352	4	0	1	0	2.894254	0.001458	725.093323	30652
129	500	1312	1312	4	0	1	0	2.503691	0.001458	722.481995	129
47	254	1446	1446	3	0	1	0	2.186384	0.001458	731.085266	47
1	254	1453	1453	3	0	1	0	2.223587	0.001458	731.459290	1
37	254	1582	1582	3	0	1	0	2.467349	0.001458	738.845947	37
161	102	1507	1507	2	0	1	0	1.579738	0.001458	734.337952	161
2054	254	1508	1508	3	0	1	0	2.051608	0.001458	734.453064	2058
7630	731	1538	1538	4	0	1	0	2.891331	0.001458	736.265991	7659
4002	254	1660	1660	3	0	1	0	2.240561	0.001458	743.341248	4012
8452	941	1968	1968	5	0	1	1	3.490311	0.001458	757.718384	9548
472	500	1622	1622	4	0	1	0	2.672440	0.001458	741.117004	472
432	254	1721	1721	3	0	1	0	1.988652	0.001458	746.492615	432
18085	1363	1634	1634	5	0	1	1	3.143066	0.001458	741.718567	18176
6063	254	1733	1733	3	0	1	0	2.542200	0.001458	747.166565	6064
457	254	1643	1643	3	0	1	1	2.025857	0.001458	742.115173	457
3741	667	1665	1665	3	0	1	0	2.332322	0.001458	743.665527	3741
742	1352	1696	1696	5	0	1	0	3.124691	0.001458	745.034058	742
131	997	1682	1682	4	0	1	0	2.406171	0.001458	744.254700	131
2678	717	1676	1676	3	0	1	0	2.062822	0.001458	744.103088	2678
475	35	1717	1717	3	0	1	0	1.874824	0.001458	746.213928	475
691	254	2674	2674	3	0	1	0	2.130906	0.001458	784.197327	691
60	1173	1946	1946	5	0	1	1	3.006696	0.001458	756.884277	60
4106	254	1783	1783	3	0	1	1	2.469575	0.001458	749.728760	5021
4593	997	1816	1816	4	0	1	0	2.848084	0.001458	751.260437	4595
3	254	1825	1825	3	0	1	0	2.059825	0.001458	751.604797	3
328	731	1878	1878	4	0	1	0	2.761512	0.001458	754.082275	328
4863	254	1854	1854	3	0	1	0	2.241489	0.001458	753.322327	5076
2529	500	2104	2104	4	0	1	0	2.807494	0.001458	763.913879	2550
378	102	1935	1935	2	0	1	0	1.589405	0.001458	756.472656	378
7736	997	1876	1876	4	0	1	0	2.836072	0.001458	754.023193	8261
1849	254	1999	1999	3	0	1	0	2.182959	0.001458	759.144226	1849
4779	997	2002	2002	4	0	1	0	2.902032	0.001458	759.261841	4779
37262	1175	2004	2004	4	0	1	0	3.101407	0.001458	759.324036	38516
17912	500	1977	1977	4	0	1	0	2.435350	0.001458	758.279175	17912
569	500	2017	2017	4	0	1	1	2.539631	0.001458	759.780945	569
2320	1195	2003	2003	5	0	1	0	3.095943	0.001458	759.293457	2320
8401	254	2057	2057	3	0	1	0	2.434468	0.001458	761.694031	8474
2298	254	2091	2091	3	0	1	0	2.242733	0.001458	763.291748	2298
9	731	2281	2281	4	0	1	0	2.616447	0.001458	770.867798	9
1874	1173	2392	2392	5	0	1	0	3.218786	0.001458	774.467041	1874
3064	254	2098	2098	3	0	1	0	2.365570	0.001458	763.541382	3066
5002	254	2418	2418	3	0	1	0	2.695693	0.001458	775.945007	5002
9292	500	2255	2255	4	0	1	1	2.978701	0.001458	769.779785	9326
2135	254	2636	2636	3	0	1	0	2.802595	0.001458	782.854248	2161
32	102	2122	2122	2	0	1	0	1.537742	0.001458	764.564331	32
892	657	2176	2176	4	0	1	0	2.829350	0.001458	766.899841	975
809	102	2346	2346	2	0	1	0	1.593447	0.001458	773.045654	809
7098	1323	2400	2400	4	0	1	0	3.201780	0.001458	774.782471	7122
11	1323	2738	2738	4	0	1	1	2.802482	0.001458	786.119324	11
5827	102	2477	2477	2	0	1	0	2.123477	0.001458	777.652832	5830
7347	254	2183	2183	3	0	1	0	2.568016	0.001458	767.155457	8615
503	254	2243	2243	3	0	1	0	1.996361	0.001458	769.324097	503
992	254	2286	2286	3	0	1	0	2.217832	0.001458	771.087463	992
11	500	2370	2370	4	0	1	0	2.523833	0.001458	773.826721	11
277	254	2446	2446	3	0	1	0	2.047201	0.001458	776.640686	277
646	997	2396	2396	4	0	1	1	2.677860	0.001458	774.621582	646
204	997	2331	2331	4	0	1	0	2.681849	0.001458	772.454041	204
922	941	2419	2419	5	0	1	1	3.308176	0.001458	776.001953	922
1314	254	2526	2526	3	0	1	0	2.332968	0.001458	779.224121	1314
8592	997	2386	2386	4	0	1	0	2.933662	0.001458	774.187012	8619
1099	995	2512	2512	4	0	1	0	2.515850	0.001458	778.803833	1099
233	995	2502	2502	4	0	1	0	2.409027	0.001458	778.584351	233
6073	102	2438	2438	2	0	1	0	2.075069	0.001458	776.364380	6073
2196	997	2448	2448	4	0	1	0	2.983634	0.001458	776.737671	2278
252	500	2494	2494	4	0	1	0	2.495136	0.001458	778.223755	252
909	1783	2461	2461	4	0	1	1	2.644416	0.001458	777.052429	915
4640	254	2523	2523	3	0	1	0	2.837781	0.001458	779.182861	5274
1	667	2793	2793	3	0	1	0	1.963143	0.001458	787.983276	1
9	254	2538	2538	3	0	1	0	1.979935	0.001458	779.684265	9
3646	500	2788	2788	4	0	1	0	3.211053	0.001458	787.843445	3646
1018	941	2942	2942	5	0	1	1	3.544506	0.001458	792.301758	1018
919	102	2649	2649	2	0	1	0	1.607264	0.001458	783.393982	919
419	500	3251	3251	4	0	1	0	2.717193	0.001458	799.839355	419
198	102	2594	2594	2	0	1	0	1.653794	0.001458	781.388123	198
397	995	2895	2895	4	0	1	0	2.629857	0.001458	790.892517	397
1436	500	2810	2810	4	0	1	0	2.773912	0.001458	788.315063	1436
1218	2183	2772	2772	4	0	1	1	3.205153	0.001458	787.400879	1218
259	254	2923	2923	3	0	1	0	2.110096	0.001458	791.759888	259
487	1352	2830	2830	5	0	1	0	3.149009	0.001458	789.086792	507
90	254	2982	2982	3	0	1	0	2.095169	0.001458	793.216431	90
763	1968	2790	2790	6	0	1	1	3.749573	0.001458	787.887573	763
136	254	3144	3144	3	0	1	0	2.027602	0.001458	797.254150	136
2364	254	2834	2834	3	0	1	0	2.370563	0.001458	789.164185	2364
11	102	3500	3500	2	0	1	0	1.491475	0.001458	806.480530	11
83	2176	2806	2806	5	0	1	0	3.045578	0.001458	788.260986	83
5	254	3000	3000	3	0	1	0	2.110386	0.001458	793.716003	5
403	254	3284	3284	3	0	1	0	2.263059	0.001458	800.700256	403
666	500	3031	3031	4	0	1	0	2.583207	0.001458	794.414551	666
298	997	2825	2825	4	0	1	0	2.557246	0.001458	788.900024	298
1	254	3829	3829	3	0	0	0	1.938291	0.001458	814.213501	1
55	2004	2832	2832	5	0	1	0	3.113354	0.001458	789.104553	55
99	500	2947	2947	4	0	1	0	2.500538	0.001458	792.392578	99
409	995	2998	2998	4	0	1	0	2.623484	0.001458	793.680176	409
135	102	3198	3198	2	0	1	0	1.630953	0.001458	798.288879	135
556	1195	3341	3341	5	0	1	1	3.339474	0.001458	801.954346	556
1522	1323	3088	3088	4	0	1	0	2.808456	0.001458	795.929138	1522
5313	254	2960	2960	3	0	1	0	2.798153	0.001458	792.705566	5313
349	861	3002	3002	4	0	1	1	2.671022	0.001458	793.736145	349
212	1854	3081	3081	4	0	1	0	2.449186	0.001458	795.629700	212
1635	995	2955	2955	4	0	1	1	3.356696	0.001458	792.565918	1635
1	1352	3899	3899	5	0	0	0	3.307208	0.001458	815.497009	1
13	997	3681	3681	4	0	1	0	2.565352	0.001458	810.897278	13
70	2057	2999	2999	4	0	1	1	2.677904	0.001458	793.680603	70
540	1323	3137	3137	4	0	1	0	3.026267	0.001458	797.172913	540
1174	500	3020	3020	4	0	1	0	2.424796	0.001458	794.200012	1174
1109	2004	3397	3397	5	0	1	0	3.509014	0.001458	803.624878	1109
11	254	3023	3023	3	0	1	0	2.139733	0.001458	794.241333	11
72	1323	3614	3614	4	0	1	0	2.958205	0.001458	809.308838	72
1553	254	3036	3036	3	0	1	0	2.272233	0.001458	794.570557	1553
82	2448	3559	3559	5	0	1	0	3.243358	0.001458	808.014282	82
29	1538	3051	3051	5	0	1	1	2.958808	0.001458	794.882080	29
4	1508	3715	3715	4	0	0	0	2.543728	0.001458	811.731873	4
7	1261	3476	3476	3	0	1	0	2.233598	0.001458	805.710083	7
77	1195	3241	3241	5	0	1	0	2.797119	0.001458	799.645386	77
33	500	3067	3067	4	0	1	2	2.758175	0.001458	795.232971	33
74	1323	3368	3368	4	0	1	0	2.943357	0.001458	802.734802	74
7	254	3696	3696	3	0	1	0	1.952749	0.001458	811.164062	7
813	500	3120	3120	4	0	1	0	2.762230	0.001458	796.842041	813
333	1968	3219	3219	6	0	1	1	3.856647	0.001458	798.744385	333
322	941	3424	3424	5	0	1	1	3.474746	0.001458	804.515747	322
40	102	3269	3269	2	0	1	0	1.518294	0.001458	800.308228	40
15	941	3160	3160	5	0	1	1	3.119699	0.001458	797.668396	15
96	500	3298	3298	4	0	1	0	2.569255	0.001458	801.063599	96
525	1876	3326	3326	5	0	1	0	3.429217	0.001458	801.587524	525
473	1352	3248	3248	5	0	1	0	3.175900	0.001458	799.795227	473
512	254	3191	3191	3	0	1	0	2.369221	0.001458	798.166687	512
20	2830	3503	3503	6	0	1	0	3.372651	0.001458	806.506958	20
3	1634	3625	3625	6	0	1	1	3.329720	0.001458	809.530762	3
491	254	3358	3358	3	0	1	0	2.459230	0.001458	802.467163	491
48	1352	3306	3306	5	0	1	0	3.007751	0.001458	801.162720	48
1	500	3884	3884	4	0	0	0	2.449792	0.001458	815.211792	1
634	2523	3342	3342	4	0	1	0	3.243715	0.001458	801.984131	634
43	254	3320	3320	3	0	1	0	2.342083	0.001458	801.398071	43
2	2098	3891	3891	4	0	0	0	2.726738	0.001458	815.350830	2
9	1352	3787	3787	5	0	1	0	3.510791	0.001458	813.326965	9
53	941	3429	3429	5	0	1	1	3.077794	0.001458	804.581116	53
31	254	3453	3453	3	0	1	0	1.944061	0.001458	805.112000	31
34	500	3481	3481	4	0	1	0	2.466896	0.001458	805.938354	34
1	102	3876	3876	2	0	0	0	1.557916	0.001458	815.049377	1
27	2386	3493	3493	5	0	1	0	3.160241	0.001458	806.252014	27
16	102	3449	3449	2	0	1	0	1.561089	0.001458	805.047363	16
183	500	3518	3518	4	0	1	0	2.728742	0.001458	807.073547	183
3	2477	3816	3816	3	0	0	0	2.433235	0.001458	813.956787	3
19	563	3594	3594	4	0	1	1	2.483317	0.001458	808.889038	19
1	997	3856	3856	4	0	0	0	2.579209	0.001458	814.714111	1
2	254	3889	3889	3	0	0	0	1.998949	0.001458	815.344604	2
77	2004	3549	3549	5	0	1	1	3.103466	0.001458	807.799316	77
1	254	3872	3872	3	0	0	0	1.990283	0.001458	815.015076	1
8	500	3624	3624	4	0	1	0	2.405183	0.001458	809.514221	8
2	1816	3853	3853	5	0	0	0	2.868133	0.001458	814.667542	2
35	941	3546	3546	5	0	1	1	3.307771	0.001458	807.770203	35
27	500	3557	3557	4	0	1	0	2.648227	0.001458	807.921265	27
1	1733	3839	3839	4	0	0	1	2.581608	0.001458	814.410583	1
21	2104	3837	3837	5	0	1	0	2.908564	0.001458	814.396484	21
4	1323	3815	3815	4	0	0	0	2.633330	0.001458	813.953369	4
24	102	3565	3565	2	0	1	0	1.921293	0.001458	808.157410	24
3	2057	3890	3890	4	0	0	0	3.021608	0.001458	815.348022	3
88	1634	3699	3699	6	0	1	1	3.936011	0.001458	811.240417	88
1	254	3901	3901	3	0	0	0	1.982872	0.001458	815.539917	1
8	500	3777	3777	4	0	0	0	2.396239	0.001458	813.122925	8
5	1261	3608	3608	3	0	1	0	1.865693	0.001458	809.182617	5
201	997	3601	3601	4	0	1	0	2.971217	0.001458	808.997131	201
6	2004	3757	3757	5	0	0	1	3.146480	0.001458	812.692810	6
30	941	3642	3642	5	0	1	1	3.474118	0.001458	810.070068	30
24	2255	3590	3590	5	0	1	1	3.035602	0.001458	808.861938	24
3	102	3761	3761	2	0	0	0	1.506417	0.001458	812.816467	3
9	1660	3771	3771	4	0	1	0	2.483203	0.001458	813.008484	9
1	1854	3848	3848	4	0	0	0	2.410505	0.001458	814.629517	1
22	2636	3645	3645	4	0	1	1	2.858128	0.001458	810.133972	22
50	2183	3753	3753	4	0	1	0	3.006203	0.001458	812.574585	50
54	1173	3682	3682	5	0	1	0	2.965946	0.001458	810.964661	54
33	1323	3662	3662	4	0	1	0	3.022523	0.001458	810.507751	33
71	997	3763	3763	4	0	1	0	2.437666	0.001458	812.912231	71
6	2461	3739	3739	5	0	1	1	2.658111	0.001458	812.299072	6
4	254	3720	3720	3	0	1	0	2.001205	0.001458	811.808777	4
4	941	3825	3825	5	0	0	1	3.536373	0.001458	814.129517	4
2	941	3868	3868	5	0	0	1	3.482481	0.001458	814.916382	2
19	500	3826	3826	4	0	1	0	2.805402	0.001458	814.132446	19
6	2004	3885	3885	5	0	0	1	3.109095	0.001458	815.237488	6
4	500	3749	3749	4	0	1	0	3.205038	0.001458	812.502197	4
17	500	3797	3797	4	0	1	0	2.446925	0.001458	813.494812	17
1	2004	3898	3898	5	0	0	0	3.144214	0.001458	815.458679	1
10	2400	3849	3849	5	0	1	0	3.352460	0.001458	814.637512	10
20	941	3806	3806	5	0	1	1	3.091044	0.001458	813.771484	20
9	2255	3852	3852	5	0	0	2	3.336983	0.001458	814.659485	9
1	500	3843	3843	4	0	0	0	2.800776	0.001458	814.480469	1
14	2400	3774	3774	5	0	1	0	3.541122	0.001458	813.028564	14
5	997	3823	3823	4	0	0	0	2.506480	0.001458	814.087830	5
27	1323	3779	3779	4	0	1	0	3.079873	0.001458	813.140320	27
7	1352	3840	3840	5	0	1	0	2.987337	0.001458	814.412109	7
1	254	3906	3906	3	0	0	0	1.993773	0.001458	815.683105	1
1	254	3903	3903	3	0	0	0	1.968442	0.001458	815.621704	1
2	254	3904	3904	3	0	0	0	1.973645	0.001458	815.627075	2
6	102	3882	3882	2	0	0	0	1.569723	0.001458	815.205872	6
1	1660	3870	3870	4	0	0	0	2.297971	0.001458	814.932983	1
1	2255	3895	3895	5	0	0	2	3.008454	0.001458	815.435791	1
2	500	3905	3905	4	0	0	0	2.482798	0.001458	815.666016	2
4	2636	3894	3894	4	0	0	0	2.957587	0.001458	815.405945	4
1	941	3902	3902	5	0	0	1	3.210609	0.001458	815.571716	1
3	500	3893	3893	4	0	0	0	3.452815	0.001458	815.358521	3
