Population	Parent	Identity	DriverIdentity	DriverMutations	MigrationMutations	Immortal	PassengerMutations	BirthRate	MigrationRate	OriginTime	Descendants
0	0	0	0	0	0	1	0	1.000000	0.001458	0.000000	1000000
7996	0	9	9	1	0	1	0	1.206277	0.001458	194.086761	732279
0	0	12	12	1	0	1	0	1.179118	0.001458	236.630707	263328
3346	0	24	24	1	0	1	0	1.185470	0.001458	288.626862	4393
63624	9	39	39	2	0	1	0	1.579237	0.001458	319.464111	723461
142051	12	105	105	2	0	1	0	1.744789	0.001458	401.356079	263328
0	39	148	148	3	0	1	0	1.984719	0.001458	425.919647	2079
0	39	184	184	3	0	1	1	1.975952	0.001458	442.802917	623123
6051	39	297	297	3	0	1	0	1.860795	0.001458	477.524384	17747
108671	184	287	287	4	0	1	1	2.418991	0.001458	476.006500	623123
44489	287	339	339	5	0	1	2	2.729281	0.001458	487.661682	121143
6882	297	665	665	4	0	1	0	2.166177	0.001458	536.836792	11597
208950	287	483	483	5	0	1	1	2.965411	0.001458	511.560120	339900
755	9	477	477	2	0	1	0	1.646946	0.001458	510.398956	755
19	148	489	489	4	0	1	0	2.215497	0.001458	512.512573	19
15040	105	954	954	3	0	1	0	2.437238	0.001458	564.498596	15593
6678	105	915	915	3	0	1	0	2.332455	0.001458	561.345764	6685
25	105	919	919	3	0	1	0	1.810391	0.001458	561.666260	25
1019	923	981	981	4	0	1	0	2.469551	0.001458	567.272583	1019
0	105	923	923	3	0	1	0	2.285145	0.001458	561.757019	1019
283	105	998	998	3	0	1	0	1.969766	0.001458	568.578064	283
1291	105	1433	1433	3	0	1	0	1.943726	0.001458	597.209106	1291
38141	483	1077	1077	6	0	1	1	3.570724	0.001458	575.075562	40096
19067	105	1241	1241	3	0	1	1	2.338123	0.001458	585.620972	21158
682	39	1194	1194	3	0	1	0	1.763451	0.001458	582.722412	682
8926	105	1152	1152	3	0	1	2	2.166150	0.001458	580.845093	11603
2060	148	1178	1178	4	0	1	0	2.772574	0.001458	581.845520	2060
20837	287	1254	1254	5	0	1	1	3.025717	0.001458	586.194519	23068
13034	39	1292	1292	3	0	1	0	2.295264	0.001458	588.563477	13317
6	105	1314	1314	3	0	1	0	1.978511	0.001458	589.884949	6
748	483	1295	1295	6	0	1	1	3.251264	0.001458	588.709656	748
3446	105	1284	1284	3	0	1	0	2.129333	0.001458	588.184692	3828
39340	339	1351	1351	6	0	1	2	3.478430	0.001458	593.081543	46132
15118	339	1334	1334	6	0	1	2	3.306345	0.001458	591.650513	15173
718	1077	2089	2089	7	0	1	1	3.730089	0.001458	624.628540	718
50687	483	1749	1749	6	0	1	1	4.066322	0.001458	611.831787	52155
479	105	1358	1358	3	0	1	0	1.946661	0.001458	593.574280	479
1047	24	1417	1417	2	0	1	0	1.427808	0.001458	596.488159	1047
316	1077	1638	1638	7	0	1	1	3.624388	0.001458	606.615356	316
7460	339	1449	1449	6	0	1	2	3.103223	0.001458	597.788025	7460
9594	105	1498	1498	3	0	1	0	2.426681	0.001458	600.848816	9595
310	39	1586	1586	3	0	1	0	1.667625	0.001458	604.338257	310
5194	483	1485	1485	6	0	1	1	3.277463	0.001458	600.261292	5620
2228	105	1622	1622	3	0	1	0	2.153984	0.001458	605.851074	2228
503	105	1558	1558	3	0	1	0	1.798433	0.001458	603.140808	503
1840	483	1959	1959	6	0	1	1	3.230816	0.001458	619.619141	1846
339	483	1780	1780	6	0	1	1	3.512989	0.001458	612.802185	1018
1415	483	2542	2542	6	0	1	1	3.337862	0.001458	638.520081	1415
7030	483	1693	1693	6	0	1	1	3.420921	0.001458	608.609131	7126
3829	483	1610	1610	6	0	1	1	3.317384	0.001458	605.518555	3960
1817	39	1815	1815	3	0	1	0	2.026116	0.001458	614.523010	1817
2936	339	1672	1672	6	0	1	2	3.296215	0.001458	607.809143	2936
6790	105	1846	1846	3	0	1	0	2.138561	0.001458	615.480591	6791
151	483	1932	1932	6	0	1	1	3.150477	0.001458	618.633362	151
341	105	1766	1766	3	0	1	0	1.825974	0.001458	612.278809	341
11195	105	1845	1845	3	0	1	1	2.382863	0.001458	615.435852	11195
381	1284	1870	1870	4	0	1	0	2.232653	0.001458	616.370972	381
14	105	1945	1945	3	0	1	0	1.817595	0.001458	619.152649	14
514	954	1883	1883	4	0	1	0	2.493216	0.001458	616.707153	514
1343	483	1927	1927	6	0	1	1	3.313827	0.001458	618.471680	2446
100	287	2042	2042	5	0	1	1	2.549119	0.001458	622.780579	100
272	1351	3136	3136	7	0	1	2	3.642310	0.001458	653.103271	272
754	483	2608	2608	6	0	1	1	3.261839	0.001458	640.045776	754
804	287	2720	2720	5	0	1	1	3.471320	0.001458	642.722717	804
196	287	2800	2800	5	0	1	1	2.669903	0.001458	645.234863	196
9924	105	2165	2165	3	0	1	0	2.499133	0.001458	627.328064	9952
176	105	2729	2729	3	0	1	0	1.861307	0.001458	642.982605	176
241	483	2153	2153	6	0	1	1	3.096193	0.001458	626.896118	241
2217	105	2872	2872	3	0	1	0	2.512066	0.001458	647.226135	2217
931	483	2302	2302	6	0	1	1	3.431667	0.001458	631.643433	931
2611	339	2226	2226	6	0	1	3	3.330842	0.001458	629.341736	2611
1502	339	2341	2341	6	0	1	2	3.154261	0.001458	632.607422	1502
67	9	2365	2365	2	0	1	0	1.219135	0.001458	633.327637	67
2401	105	2266	2266	3	0	1	1	2.089236	0.001458	630.640015	2401
5	483	3523	3523	6	0	1	1	3.196003	0.001458	661.318054	5
619	665	2714	2714	5	0	1	0	2.524644	0.001458	642.543518	619
16746	287	2217	2217	5	0	1	1	3.364027	0.001458	629.071167	16842
153	287	2402	2402	5	0	1	1	3.335875	0.001458	634.575684	153
1430	483	2445	2445	6	0	1	1	3.244224	0.001458	635.606995	1430
36	483	2306	2306	6	0	1	1	3.069348	0.001458	631.791565	36
111	287	3393	3393	5	0	1	1	2.654504	0.001458	658.500244	111
73	105	2524	2524	3	0	1	0	2.010758	0.001458	638.013489	73
3430	665	2361	2361	5	0	1	1	2.867456	0.001458	633.273987	3430
1020	1241	2648	2648	4	0	1	1	2.757663	0.001458	641.221252	1020
666	665	2327	2327	5	0	1	0	2.533247	0.001458	632.044983	666
8736	105	2345	2345	3	0	1	0	2.093300	0.001458	632.669678	8737
1358	105	2406	2406	3	0	1	0	2.287508	0.001458	634.680359	1358
1934	483	2910	2910	6	0	1	1	3.527771	0.001458	648.187195	1934
426	1485	2461	2461	7	0	1	2	3.343580	0.001458	636.028320	426
2	1351	3740	3740	7	0	1	2	3.588514	0.001458	665.592102	2
1041	1241	2692	2692	4	0	1	1	2.690211	0.001458	642.199341	1041
38	1254	3161	3161	6	0	1	1	3.327363	0.001458	653.674438	38
352	1152	2602	2602	4	0	1	2	2.467404	0.001458	639.887756	352
658	483	2745	2745	6	0	1	2	3.322017	0.001458	643.411926	658
1683	1351	2738	2738	7	0	1	2	3.717147	0.001458	643.130310	1683
3045	483	2794	2794	6	0	1	1	3.840557	0.001458	645.039612	3069
420	1749	3036	3036	7	0	1	1	4.314807	0.001458	651.330750	420
2040	1254	2843	2843	6	0	1	1	3.509937	0.001458	646.285645	2040
59	39	2802	2802	3	0	1	0	1.638454	0.001458	645.294861	59
1103	1927	2690	2690	7	0	1	1	3.958833	0.001458	642.182007	1103
454	1749	3219	3219	7	0	1	1	4.560525	0.001458	654.871033	454
1812	287	2733	2733	5	0	1	1	3.088501	0.001458	643.038330	1915
1	1241	4023	4023	4	0	0	1	2.358460	0.001458	670.833191	1
474	39	2830	2830	3	0	1	0	1.716180	0.001458	646.102478	474
2084	105	2703	2703	3	0	1	0	2.326832	0.001458	642.366455	2084
8079	287	2857	2857	5	0	1	1	3.692724	0.001458	646.787537	8168
876	1152	2990	2990	4	0	1	2	2.641143	0.001458	650.316223	876
70	287	2898	2898	5	0	1	1	2.488455	0.001458	647.773315	70
1946	287	2931	2931	5	0	1	1	3.026137	0.001458	648.765015	1946
49	105	3188	3188	3	0	1	0	1.848278	0.001458	654.250122	49
1324	483	3028	3028	6	0	1	1	3.964767	0.001458	651.163086	1324
36	339	3293	3293	6	0	1	3	2.764287	0.001458	656.420837	36
22	105	2967	2967	3	0	1	0	2.003866	0.001458	649.690735	22
679	1780	3203	3203	7	0	1	1	4.142657	0.001458	654.492126	679
623	1077	3509	3509	7	0	1	1	4.303100	0.001458	661.050598	623
21	105	3199	3199	3	0	1	0	2.019158	0.001458	654.438965	21
18	105	3141	3141	3	0	1	0	2.042370	0.001458	653.274292	18
518	1749	3200	3200	7	0	1	1	4.443467	0.001458	654.461548	518
3151	1351	2998	2998	7	0	1	3	4.327318	0.001458	650.440674	3151
1655	483	3063	3063	6	0	1	2	3.862629	0.001458	651.661011	1655
35	954	3540	3540	4	0	1	0	2.641167	0.001458	661.659668	35
131	1610	3501	3501	7	0	1	1	3.698061	0.001458	660.941833	131
70	1749	3017	3017	7	0	1	1	4.228243	0.001458	650.932739	70
236	1292	3047	3047	4	0	1	0	2.462568	0.001458	651.489502	236
443	339	3237	3237	6	0	1	2	3.040421	0.001458	655.258240	443
47	1292	3053	3053	4	0	1	0	2.330077	0.001458	651.562317	47
27	1351	3061	3061	7	0	1	2	3.635584	0.001458	651.649475	27
24	483	3563	3563	6	0	1	1	2.978503	0.001458	662.266235	24
992	483	3064	3064	6	0	1	2	3.716337	0.001458	651.661743	992
23	483	3180	3180	6	0	1	1	3.036042	0.001458	654.110352	23
10	339	3476	3476	6	0	1	2	2.867099	0.001458	660.264832	10
1045	1351	3276	3276	7	0	1	2	4.226251	0.001458	656.096313	1045
7	915	3379	3379	4	0	1	0	2.556910	0.001458	658.280884	7
262	339	3217	3217	6	0	1	2	3.037573	0.001458	654.755737	262
638	105	3205	3205	3	0	1	1	2.413100	0.001458	654.542725	638
2	1351	4006	4006	7	0	0	2	3.618559	0.001458	670.569397	2
29	1241	3317	3317	4	0	1	2	2.542272	0.001458	656.851379	29
99	297	3382	3382	4	0	1	0	2.188475	0.001458	658.330322	99
508	483	3500	3500	6	0	1	1	3.839933	0.001458	660.905945	508
5	105	3435	3435	3	0	1	0	1.756113	0.001458	659.450439	5
172	39	3428	3428	3	0	1	0	1.883744	0.001458	659.349976	172
1	105	4016	4016	3	0	0	0	1.788609	0.001458	670.699280	1
27	1077	3329	3329	7	0	1	1	3.999938	0.001458	657.156067	27
2	39	4011	4011	3	0	0	0	1.824778	0.001458	670.603088	2
157	1077	3442	3442	7	0	1	3	4.099152	0.001458	659.564392	157
4	954	3863	3863	4	0	1	0	2.495189	0.001458	668.078125	4
1449	1152	3419	3419	4	0	1	2	3.228680	0.001458	659.217651	1449
1	1846	3726	3726	4	0	1	0	2.272240	0.001458	665.286804	1
2	39	3977	3977	3	0	0	0	1.598435	0.001458	670.137634	2
19	1254	3864	3864	6	0	1	1	3.441403	0.001458	668.081726	19
30	483	3483	3483	6	0	1	1	2.973686	0.001458	660.339478	30
44	483	3482	3482	6	0	1	1	3.239098	0.001458	660.335510	44
1	1284	4020	4020	4	0	0	0	2.205735	0.001458	670.763123	1
606	1351	3471	3471	7	0	1	2	4.416976	0.001458	660.171204	606
84	339	3498	3498	6	0	1	2	2.908583	0.001458	660.875671	84
5	105	3881	3881	3	0	0	0	1.802797	0.001458	668.473267	5
87	2857	3487	3487	6	0	1	1	3.812283	0.001458	660.497314	87
2	2857	3985	3985	6	0	0	1	3.886741	0.001458	670.257507	2
810	105	3466	3466	3	0	1	0	2.515313	0.001458	660.076721	810
30	483	3766	3766	6	0	1	1	3.065613	0.001458	666.128113	30
4	483	3701	3701	6	0	1	1	3.056176	0.001458	664.817078	4
175	483	3528	3528	6	0	1	1	3.214849	0.001458	661.467163	175
14	287	3506	3506	5	0	1	1	2.664118	0.001458	660.996155	14
4	483	3941	3941	6	0	0	1	3.120999	0.001458	669.591187	4
134	1254	3600	3600	6	0	1	1	3.405597	0.001458	662.940735	134
1	483	4008	4008	6	0	0	2	3.053208	0.001458	670.585388	1
40	39	3708	3708	3	0	1	0	1.644422	0.001458	664.965759	40
9	105	3638	3638	3	0	1	0	1.968168	0.001458	663.666321	9
96	2217	3775	3775	6	0	1	1	4.624056	0.001458	666.292175	96
1	39	4012	4012	3	0	0	0	1.602950	0.001458	670.649536	1
30	1077	3808	3808	7	0	1	1	3.629970	0.001458	667.094421	30
40	1693	3785	3785	7	0	1	1	3.759606	0.001458	666.509521	40
37	105	3614	3614	3	0	1	0	1.951279	0.001458	663.137634	37
1	287	4019	4019	5	0	0	1	2.545457	0.001458	670.755188	1
55	1334	3837	3837	7	0	1	2	3.894114	0.001458	667.642822	55
8	39	3617	3617	3	0	1	0	1.656746	0.001458	663.171570	8
1	1749	3915	3915	7	0	1	2	5.472966	0.001458	669.104004	1
2	39	3963	3963	3	0	0	0	1.761443	0.001458	669.939819	2
21	483	3651	3651	6	0	1	1	3.008570	0.001458	663.823853	21
7	1077	3876	3876	7	0	1	1	4.426386	0.001458	668.417419	7
424	483	3679	3679	6	0	1	2	4.135458	0.001458	664.407471	424
12	105	3756	3756	3	0	1	0	1.774438	0.001458	665.955383	12
4	339	3962	3962	6	0	0	2	2.831940	0.001458	669.935242	4
2	39	3981	3981	3	0	0	0	1.588339	0.001458	670.212219	2
6	1959	3971	3971	7	0	0	1	3.800317	0.001458	670.040344	6
70	1077	3690	3690	7	0	1	1	3.726724	0.001458	664.571594	70
4	1749	3967	3967	7	0	0	1	4.084662	0.001458	669.961121	4
2	287	3960	3960	5	0	0	1	2.524184	0.001458	669.839478	2
103	2733	3741	3741	6	0	1	1	3.629116	0.001458	665.640076	103
1	1077	3703	3703	7	0	1	1	3.625223	0.001458	664.829041	1
24	2794	3710	3710	7	0	1	1	3.992604	0.001458	664.974731	24
2	105	3978	3978	3	0	0	0	2.008838	0.001458	670.168579	2
55	1693	3918	3918	7	0	1	2	4.055890	0.001458	669.148315	55
4	483	3854	3854	6	0	1	1	3.016902	0.001458	667.908997	4
3	1077	3894	3894	7	0	0	2	3.955460	0.001458	668.659912	3
1	1351	4005	4005	7	0	0	2	4.156723	0.001458	670.532654	1
1	287	3989	3989	5	0	0	2	2.674664	0.001458	670.273682	1
28	2165	3813	3813	4	0	1	0	2.578401	0.001458	667.197388	28
1	339	4017	4017	6	0	0	3	2.814846	0.001458	670.704834	1
34	483	3875	3875	6	0	1	1	3.134844	0.001458	668.412415	34
5	287	3972	3972	5	0	0	1	2.803057	0.001458	670.060669	5
6	287	3815	3815	5	0	1	1	2.464544	0.001458	667.210815	6
3	1077	3818	3818	7	0	1	1	3.717672	0.001458	667.259399	3
5	287	3908	3908	5	0	0	2	2.598016	0.001458	668.897766	5
1	105	4022	4022	3	0	0	0	1.982749	0.001458	670.792297	1
1	483	4014	4014	6	0	0	2	3.122982	0.001458	670.677246	1
1	1498	4021	4021	4	0	0	0	2.437069	0.001458	670.771118	1
6	105	3973	3973	3	0	0	0	1.908120	0.001458	670.069580	6
7	483	3948	3948	6	0	0	1	2.986333	0.001458	669.641296	7
6	105	3956	3956	3	0	0	0	1.964567	0.001458	669.729309	6
1	2345	3951	3951	4	0	0	0	2.380272	0.001458	669.675964	1
1	483	3974	3974	6	0	0	1	3.071824	0.001458	670.087708	1
2	483	3998	3998	6	0	0	1	3.049648	0.001458	670.453308	2
1	483	4018	4018	6	0	0	1	3.140237	0.001458	670.751282	1
1	1749	3999	3999	7	0	0	1	4.350854	0.001458	670.479492	1
1	1351	4010	4010	7	0	0	2	3.496004	0.001458	670.594055	1
2	483	4015	4015	6	0	0	1	3.054675	0.001458	670.680298	2
2	287	4007	4007	5	0	0	1	2.452092	0.001458	670.570557	2
2	1351	4003	4003	7	0	0	2	3.591741	0.001458	670.502625	2
1	1693	4004	4004	7	0	0	1	3.720410	0.001458	670.509705	1
