NumCells	NumSamples	CellsPerSample	SampleDepth	Generation	Identity	DriverIdentity	Parent	Population	BirthRate	MigrationRate	OriginTime	DriverMutations	MigrationMutations	PassengerMutations
1	1	-1	-1	0.000000	0	0	0	1	1.000000	0.001458	0.000000	0	0	0
2	1	-1	-1	1.007435	0	0	0	2	1.000000	0.001458	0.000000	0	0	0
6	1	-1	-1	2.011639	0	0	0	6	1.000000	0.001458	0.000000	0	0	0
11	1	-1	-1	3.012121	0	0	0	11	1.000000	0.001458	0.000000	0	0	0
8	1	-1	-1	4.012237	0	0	0	8	1.000000	0.001458	0.000000	0	0	0
13	1	-1	-1	5.012679	0	0	0	13	1.000000	0.001458	0.000000	0	0	0
10	1	-1	-1	6.013138	0	0	0	10	1.000000	0.001458	0.000000	0	0	0
11	1	-1	-1	7.013175	0	0	0	11	1.000000	0.001458	0.000000	0	0	0
17	1	-1	-1	8.013228	0	0	0	17	1.000000	0.001458	0.000000	0	0	0
32	1	-1	-1	9.017529	0	0	0	32	1.000000	0.001458	0.000000	0	0	0
28	1	-1	-1	10.019196	0	0	0	28	1.000000	0.001458	0.000000	0	0	0
24	1	-1	-1	11.019315	0	0	0	24	1.000000	0.001458	0.000000	0	0	0
18	1	-1	-1	12.019585	0	0	0	18	1.000000	0.001458	0.000000	0	0	0
20	1	-1	-1	13.020629	0	0	0	20	1.000000	0.001458	0.000000	0	0	0
28	1	-1	-1	14.021733	0	0	0	28	1.000000	0.001458	0.000000	0	0	0
37	1	-1	-1	15.021748	0	0	0	37	1.000000	0.001458	0.000000	0	0	0
36	1	-1	-1	16.022928	0	0	0	36	1.000000	0.001458	0.000000	0	0	0
42	1	-1	-1	17.023012	0	0	0	42	1.000000	0.001458	0.000000	0	0	0
62	1	-1	-1	18.028490	0	0	0	62	1.000000	0.001458	0.000000	0	0	0
91	1	-1	-1	19.032789	0	0	0	91	1.000000	0.001458	0.000000	0	0	0
97	1	-1	-1	20.037031	0	0	0	97	1.000000	0.001458	0.000000	0	0	0
118	1	-1	-1	21.037876	0	0	0	118	1.000000	0.001458	0.000000	0	0	0
122	1	-1	-1	22.038094	0	0	0	122	1.000000	0.001458	0.000000	0	0	0
142	1	-1	-1	23.040693	0	0	0	142	1.000000	0.001458	0.000000	0	0	0
139	1	-1	-1	24.040815	0	0	0	139	1.000000	0.001458	0.000000	0	0	0
149	1	-1	-1	25.041378	0	0	0	148	1.000000	0.001458	0.000000	0	0	0
147	1	-1	-1	26.041594	0	0	0	146	1.000000	0.001458	0.000000	0	0	0
165	1	-1	-1	27.041740	0	0	0	165	1.000000	0.001458	0.000000	0	0	0
164	1	-1	-1	28.041807	0	0	0	164	1.000000	0.001458	0.000000	0	0	0
197	1	-1	-1	29.042461	0	0	0	197	1.000000	0.001458	0.000000	0	0	0
210	1	-1	-1	30.042812	0	0	0	210	1.000000	0.001458	0.000000	0	0	0
253	1	-1	-1	31.042883	0	0	0	253	1.000000	0.001458	0.000000	0	0	0
277	1	-1	-1	32.043274	0	0	0	277	1.000000	0.001458	0.000000	0	0	0
293	1	-1	-1	33.043613	0	0	0	293	1.000000	0.001458	0.000000	0	0	0
291	1	-1	-1	34.044140	0	0	0	291	1.000000	0.001458	0.000000	0	0	0
339	1	-1	-1	35.044182	0	0	0	339	1.000000	0.001458	0.000000	0	0	0
347	1	-1	-1	36.045368	0	0	0	347	1.000000	0.001458	0.000000	0	0	0
368	1	-1	-1	37.045372	0	0	0	368	1.000000	0.001458	0.000000	0	0	0
394	1	-1	-1	38.046059	0	0	0	394	1.000000	0.001458	0.000000	0	0	0
393	1	-1	-1	39.046413	0	0	0	393	1.000000	0.001458	0.000000	0	0	0
403	1	-1	-1	40.046562	0	0	0	403	1.000000	0.001458	0.000000	0	0	0
439	1	-1	-1	41.046951	0	0	0	439	1.000000	0.001458	0.000000	0	0	0
438	1	-1	-1	42.047485	0	0	0	438	1.000000	0.001458	0.000000	0	0	0
464	1	-1	-1	43.048214	0	0	0	464	1.000000	0.001458	0.000000	0	0	0
483	1	-1	-1	44.048603	0	0	0	483	1.000000	0.001458	0.000000	0	0	0
486	1	-1	-1	45.049084	0	0	0	486	1.000000	0.001458	0.000000	0	0	0
480	1	-1	-1	46.049110	0	0	0	480	1.000000	0.001458	0.000000	0	0	0
486	1	-1	-1	47.049286	0	0	0	486	1.000000	0.001458	0.000000	0	0	0
493	1	-1	-1	48.049374	0	0	0	493	1.000000	0.001458	0.000000	0	0	0
501	1	-1	-1	49.049557	0	0	0	501	1.000000	0.001458	0.000000	0	0	0
509	1	-1	-1	50.049812	0	0	0	509	1.000000	0.001458	0.000000	0	0	0
508	1	-1	-1	51.049831	0	0	0	508	1.000000	0.001458	0.000000	0	0	0
522	1	-1	-1	52.050064	0	0	0	522	1.000000	0.001458	0.000000	0	0	0
539	1	-1	-1	53.050297	0	0	0	539	1.000000	0.001458	0.000000	0	0	0
540	1	-1	-1	54.050499	0	0	0	540	1.000000	0.001458	0.000000	0	0	0
531	1	-1	-1	55.050541	0	0	0	531	1.000000	0.001458	0.000000	0	0	0
531	1	-1	-1	56.051636	0	0	0	531	1.000000	0.001458	0.000000	0	0	0
537	1	-1	-1	57.052166	0	0	0	537	1.000000	0.001458	0.000000	0	0	0
529	1	-1	-1	58.053062	0	0	0	529	1.000000	0.001458	0.000000	0	0	0
538	1	-1	-1	59.053097	0	0	0	538	1.000000	0.001458	0.000000	0	0	0
540	1	-1	-1	60.054382	0	0	0	540	1.000000	0.001458	0.000000	0	0	0
549	1	-1	-1	61.054588	0	0	0	549	1.000000	0.001458	0.000000	0	0	0
541	1	-1	-1	62.054771	0	0	0	541	1.000000	0.001458	0.000000	0	0	0
530	1	-1	-1	63.055023	0	0	0	530	1.000000	0.001458	0.000000	0	0	0
526	1	-1	-1	64.055199	0	0	0	526	1.000000	0.001458	0.000000	0	0	0
531	1	-1	-1	65.055206	0	0	0	531	1.000000	0.001458	0.000000	0	0	0
526	1	-1	-1	66.055229	0	0	0	526	1.000000	0.001458	0.000000	0	0	0
525	1	-1	-1	67.055420	0	0	0	525	1.000000	0.001458	0.000000	0	0	0
525	1	-1	-1	68.056618	0	0	0	525	1.000000	0.001458	0.000000	0	0	0
522	1	-1	-1	69.057945	0	0	0	522	1.000000	0.001458	0.000000	0	0	0
521	1	-1	-1	70.058044	0	0	0	521	1.000000	0.001458	0.000000	0	0	0
527	1	-1	-1	71.058060	0	0	0	527	1.000000	0.001458	0.000000	0	0	0
527	1	-1	-1	72.058472	0	0	0	527	1.000000	0.001458	0.000000	0	0	0
526	1	-1	-1	73.058792	0	0	0	526	1.000000	0.001458	0.000000	0	0	0
535	1	-1	-1	74.059341	0	0	0	535	1.000000	0.001458	0.000000	0	0	0
553	1	-1	-1	75.059677	0	0	0	553	1.000000	0.001458	0.000000	0	0	0
549	1	-1	-1	76.059921	0	0	0	549	1.000000	0.001458	0.000000	0	0	0
557	1	-1	-1	77.060585	0	0	0	557	1.000000	0.001458	0.000000	0	0	0
542	1	-1	-1	78.060776	0	0	0	542	1.000000	0.001458	0.000000	0	0	0
552	1	-1	-1	79.060959	0	0	0	552	1.000000	0.001458	0.000000	0	0	0
564	1	-1	-1	80.061272	0	0	0	564	1.000000	0.001458	0.000000	0	0	0
573	1	-1	-1	81.061531	0	0	0	573	1.000000	0.001458	0.000000	0	0	0
598	1	-1	-1	82.061630	0	0	0	598	1.000000	0.001458	0.000000	0	0	0
628	1	-1	-1	83.062286	0	0	0	628	1.000000	0.001458	0.000000	0	0	0
645	1	-1	-1	84.062645	0	0	0	645	1.000000	0.001458	0.000000	0	0	0
663	1	-1	-1	85.062691	0	0	0	663	1.000000	0.001458	0.000000	0	0	0
684	1	-1	-1	86.063095	0	0	0	684	1.000000	0.001458	0.000000	0	0	0
686	1	-1	-1	87.063110	0	0	0	686	1.000000	0.001458	0.000000	0	0	0
699	1	-1	-1	88.063210	0	0	0	699	1.000000	0.001458	0.000000	0	0	0
720	1	-1	-1	89.063904	0	0	0	720	1.000000	0.001458	0.000000	0	0	0
733	1	-1	-1	90.063957	0	0	0	733	1.000000	0.001458	0.000000	0	0	0
729	1	-1	-1	91.064552	0	0	0	729	1.000000	0.001458	0.000000	0	0	0
739	1	-1	-1	92.064636	0	0	0	739	1.000000	0.001458	0.000000	0	0	0
803	1	-1	-1	93.065079	0	0	0	803	1.000000	0.001458	0.000000	0	0	0
801	1	-1	-1	94.065140	0	0	0	801	1.000000	0.001458	0.000000	0	0	0
819	1	-1	-1	95.065170	0	0	0	819	1.000000	0.001458	0.000000	0	0	0
860	1	-1	-1	96.065254	0	0	0	860	1.000000	0.001458	0.000000	0	0	0
875	1	-1	-1	97.065384	0	0	0	875	1.000000	0.001458	0.000000	0	0	0
908	1	-1	-1	98.065399	0	0	0	908	1.000000	0.001458	0.000000	0	0	0
959	1	-1	-1	99.065453	0	0	0	959	1.000000	0.001458	0.000000	0	0	0
999	1	-1	-1	100.065453	0	0	0	999	1.000000	0.001458	0.000000	0	0	0
1034	1	-1	-1	101.065544	0	0	0	1034	1.000000	0.001458	0.000000	0	0	0
1072	1	-1	-1	102.065544	0	0	0	1072	1.000000	0.001458	0.000000	0	0	0
1141	1	-1	-1	103.065643	0	0	0	1141	1.000000	0.001458	0.000000	0	0	0
1246	1	-1	-1	104.066025	0	0	0	1246	1.000000	0.001458	0.000000	0	0	0
1340	1	-1	-1	105.066246	0	0	0	1340	1.000000	0.001458	0.000000	0	0	0
1347	1	-1	-1	106.066605	0	0	0	1347	1.000000	0.001458	0.000000	0	0	0
1416	1	-1	-1	107.066719	0	0	0	1416	1.000000	0.001458	0.000000	0	0	0
1430	1	-1	-1	108.066849	0	0	0	1430	1.000000	0.001458	0.000000	0	0	0
1522	1	-1	-1	109.066933	0	0	0	1522	1.000000	0.001458	0.000000	0	0	0
1590	1	-1	-1	110.067223	0	0	0	1590	1.000000	0.001458	0.000000	0	0	0
1643	1	-1	-1	111.067276	0	0	0	1643	1.000000	0.001458	0.000000	0	0	0
1746	1	-1	-1	112.067619	0	0	0	1746	1.000000	0.001458	0.000000	0	0	0
1825	1	-1	-1	113.067795	0	0	0	1825	1.000000	0.001458	0.000000	0	0	0
1919	1	-1	-1	114.067886	0	0	0	1919	1.000000	0.001458	0.000000	0	0	0
1982	1	-1	-1	115.068352	0	0	0	1982	1.000000	0.001458	0.000000	0	0	0
2012	1	-1	-1	116.068382	0	0	0	2012	1.000000	0.001458	0.000000	0	0	0
2044	1	-1	-1	117.068642	0	0	0	2044	1.000000	0.001458	0.000000	0	0	0
2129	1	-1	-1	118.069267	0	0	0	2128	1.000000	0.001458	0.000000	0	0	0
2138	1	-1	-1	119.069275	0	0	0	2137	1.000000	0.001458	0.000000	0	0	0
2181	1	-1	-1	120.069542	0	0	0	2181	1.000000	0.001458	0.000000	0	0	0
2220	1	-1	-1	121.069649	0	0	0	2220	1.000000	0.001458	0.000000	0	0	0
2224	1	-1	-1	122.069687	0	0	0	2224	1.000000	0.001458	0.000000	0	0	0
2303	1	-1	-1	123.069771	0	0	0	2303	1.000000	0.001458	0.000000	0	0	0
2298	1	-1	-1	124.070038	0	0	0	2298	1.000000	0.001458	0.000000	0	0	0
2417	1	-1	-1	125.070084	0	0	0	2417	1.000000	0.001458	0.000000	0	0	0
2423	1	-1	-1	126.070145	0	0	0	2423	1.000000	0.001458	0.000000	0	0	0
2494	1	-1	-1	127.070312	0	0	0	2494	1.000000	0.001458	0.000000	0	0	0
2556	1	-1	-1	128.070496	0	0	0	2556	1.000000	0.001458	0.000000	0	0	0
2581	1	-1	-1	129.070572	0	0	0	2581	1.000000	0.001458	0.000000	0	0	0
2610	1	-1	-1	130.070816	0	0	0	2610	1.000000	0.001458	0.000000	0	0	0
2630	1	-1	-1	131.070923	0	0	0	2630	1.000000	0.001458	0.000000	0	0	0
2653	1	-1	-1	132.071014	0	0	0	2653	1.000000	0.001458	0.000000	0	0	0
2657	1	-1	-1	133.071045	0	0	0	2657	1.000000	0.001458	0.000000	0	0	0
2707	1	-1	-1	134.071075	0	0	0	2707	1.000000	0.001458	0.000000	0	0	0
2757	1	-1	-1	135.071198	0	0	0	2757	1.000000	0.001458	0.000000	0	0	0
2797	1	-1	-1	136.071259	0	0	0	2797	1.000000	0.001458	0.000000	0	0	0
2811	1	-1	-1	137.071411	0	0	0	2811	1.000000	0.001458	0.000000	0	0	0
2829	1	-1	-1	138.071472	0	0	0	2829	1.000000	0.001458	0.000000	0	0	0
2865	1	-1	-1	139.071518	0	0	0	2865	1.000000	0.001458	0.000000	0	0	0
2909	1	-1	-1	140.071533	0	0	0	2909	1.000000	0.001458	0.000000	0	0	0
2927	1	-1	-1	141.071793	0	0	0	2927	1.000000	0.001458	0.000000	0	0	0
2954	1	-1	-1	142.071838	0	0	0	2954	1.000000	0.001458	0.000000	0	0	0
2995	1	-1	-1	143.071869	0	0	0	2995	1.000000	0.001458	0.000000	0	0	0
2994	1	-1	-1	144.071915	0	0	0	2994	1.000000	0.001458	0.000000	0	0	0
3067	1	-1	-1	145.071930	0	0	0	3067	1.000000	0.001458	0.000000	0	0	0
3084	1	-1	-1	146.071945	0	0	0	3084	1.000000	0.001458	0.000000	0	0	0
3130	1	-1	-1	147.071945	0	0	0	3130	1.000000	0.001458	0.000000	0	0	0
3151	1	-1	-1	148.072052	0	0	0	3151	1.000000	0.001458	0.000000	0	0	0
3188	1	-1	-1	149.072083	0	0	0	3188	1.000000	0.001458	0.000000	0	0	0
3260	1	-1	-1	150.072098	0	0	0	3260	1.000000	0.001458	0.000000	0	0	0
3346	1	-1	-1	151.072128	0	0	0	3346	1.000000	0.001458	0.000000	0	0	0
3435	1	-1	-1	152.072510	0	0	0	3435	1.000000	0.001458	0.000000	0	0	0
3520	1	-1	-1	153.072632	0	0	0	3520	1.000000	0.001458	0.000000	0	0	0
3624	1	-1	-1	154.072769	0	0	0	3623	1.000000	0.001458	0.000000	0	0	0
3645	1	-1	-1	155.072861	0	0	0	3645	1.000000	0.001458	0.000000	0	0	0
3685	1	-1	-1	156.072891	0	0	0	3685	1.000000	0.001458	0.000000	0	0	0
3766	1	-1	-1	157.072952	0	0	0	3766	1.000000	0.001458	0.000000	0	0	0
3802	1	-1	-1	158.072968	0	0	0	3802	1.000000	0.001458	0.000000	0	0	0
3935	1	-1	-1	159.073013	0	0	0	3935	1.000000	0.001458	0.000000	0	0	0
3975	1	-1	-1	160.073410	0	0	0	3975	1.000000	0.001458	0.000000	0	0	0
4090	1	-1	-1	161.073425	0	0	0	4090	1.000000	0.001458	0.000000	0	0	0
4150	1	-1	-1	162.073471	0	0	0	4150	1.000000	0.001458	0.000000	0	0	0
4193	1	-1	-1	163.073563	0	0	0	4193	1.000000	0.001458	0.000000	0	0	0
4225	1	-1	-1	164.073578	0	0	0	4225	1.000000	0.001458	0.000000	0	0	0
4185	1	-1	-1	165.073624	0	0	0	4185	1.000000	0.001458	0.000000	0	0	0
4224	1	-1	-1	166.073669	0	0	0	4224	1.000000	0.001458	0.000000	0	0	0
4283	1	-1	-1	167.073883	0	0	0	4283	1.000000	0.001458	0.000000	0	0	0
4345	1	-1	-1	168.074066	0	0	0	4345	1.000000	0.001458	0.000000	0	0	0
4393	1	-1	-1	169.074158	0	0	0	4393	1.000000	0.001458	0.000000	0	0	0
4413	1	-1	-1	170.074203	0	0	0	4413	1.000000	0.001458	0.000000	0	0	0
4440	1	-1	-1	171.074310	0	0	0	4440	1.000000	0.001458	0.000000	0	0	0
4503	1	-1	-1	172.074387	0	0	0	4503	1.000000	0.001458	0.000000	0	0	0
4606	1	-1	-1	173.074615	0	0	0	4606	1.000000	0.001458	0.000000	0	0	0
4696	1	-1	-1	174.074615	0	0	0	4696	1.000000	0.001458	0.000000	0	0	0
4761	1	-1	-1	175.074631	0	0	0	4759	1.000000	0.001458	0.000000	0	0	0
4791	1	-1	-1	176.074722	0	0	0	4790	1.000000	0.001458	0.000000	0	0	0
4903	1	-1	-1	177.074753	0	0	0	4903	1.000000	0.001458	0.000000	0	0	0
5006	1	-1	-1	178.074799	0	0	0	5006	1.000000	0.001458	0.000000	0	0	0
5124	1	-1	-1	179.074890	0	0	0	5124	1.000000	0.001458	0.000000	0	0	0
5256	1	-1	-1	180.074905	0	0	0	5256	1.000000	0.001458	0.000000	0	0	0
5293	1	-1	-1	181.075165	0	0	0	5293	1.000000	0.001458	0.000000	0	0	0
5374	1	-1	-1	182.075180	0	0	0	5374	1.000000	0.001458	0.000000	0	0	0
5379	1	-1	-1	183.075195	0	0	0	5379	1.000000	0.001458	0.000000	0	0	0
5503	1	-1	-1	184.075211	0	0	0	5503	1.000000	0.001458	0.000000	0	0	0
5527	1	-1	-1	185.075226	0	0	0	5527	1.000000	0.001458	0.000000	0	0	0
5632	1	-1	-1	186.075256	0	0	0	5632	1.000000	0.001458	0.000000	0	0	0
5651	1	-1	-1	187.075287	0	0	0	5651	1.000000	0.001458	0.000000	0	0	0
5610	1	-1	-1	188.075302	0	0	0	5610	1.000000	0.001458	0.000000	0	0	0
5671	1	-1	-1	189.075317	0	0	0	5671	1.000000	0.001458	0.000000	0	0	0
5694	1	-1	-1	190.075378	0	0	0	5694	1.000000	0.001458	0.000000	0	0	0
5782	1	-1	-1	191.075485	0	0	0	5782	1.000000	0.001458	0.000000	0	0	0
5877	1	-1	-1	192.075516	0	0	0	5877	1.000000	0.001458	0.000000	0	0	0
5952	1	-1	-1	193.075989	0	0	0	5952	1.000000	0.001458	0.000000	0	0	0
6016	1	-1	-1	194.076004	0	0	0	6016	1.000000	0.001458	0.000000	0	0	0
6070	1	-1	-1	195.076157	0	0	0	6067	1.000000	0.001458	0.000000	0	0	0
6219	1	-1	-1	196.076157	0	0	0	6212	1.000000	0.001458	0.000000	0	0	0
6219	1	-1	-1	196.076157	9	9	0	7	1.206277	0.001458	194.086761	1	0	0
6359	1	-1	-1	197.076202	0	0	0	6351	1.000000	0.001458	0.000000	0	0	0
6359	1	-1	-1	197.076202	9	9	0	8	1.206277	0.001458	194.086761	1	0	0
6473	1	-1	-1	198.076202	0	0	0	6458	1.000000	0.001458	0.000000	0	0	0
6473	1	-1	-1	198.076202	9	9	0	15	1.206277	0.001458	194.086761	1	0	0
6553	1	-1	-1	199.076355	0	0	0	6538	1.000000	0.001458	0.000000	0	0	0
6553	1	-1	-1	199.076355	9	9	0	15	1.206277	0.001458	194.086761	1	0	0
6649	1	-1	-1	200.000092	0	0	0	6637	1.000000	0.001458	0.000000	0	0	0
6649	1	-1	-1	200.000092	9	9	0	12	1.206277	0.001458	194.086761	1	0	0
6649	1	100	0	200.000092	0	0	0	100	1.000000	0.001458	0.000000	0	0	0
6649	1	100	0	200.000092	9	9	0	0	1.206277	0.001458	194.086761	1	0	0
6649	1	100	1	200.000092	0	0	0	100	1.000000	0.001458	0.000000	0	0	0
6649	1	100	1	200.000092	9	9	0	0	1.206277	0.001458	194.086761	1	0	0
6649	1	100	2	200.000092	0	0	0	91	1.000000	0.001458	0.000000	0	0	0
6649	1	100	2	200.000092	9	9	0	0	1.206277	0.001458	194.086761	1	0	0
6649	1	100	3	200.000092	0	0	0	92	1.000000	0.001458	0.000000	0	0	0
6649	1	100	3	200.000092	9	9	0	0	1.206277	0.001458	194.086761	1	0	0
6649	1	100	4	200.000092	0	0	0	100	1.000000	0.001458	0.000000	0	0	0
6649	1	100	4	200.000092	9	9	0	0	1.206277	0.001458	194.086761	1	0	0
6649	1	100	5	200.000092	0	0	0	100	1.000000	0.001458	0.000000	0	0	0
6649	1	100	5	200.000092	9	9	0	0	1.206277	0.001458	194.086761	1	0	0
6649	1	100	6	200.000092	0	0	0	100	1.000000	0.001458	0.000000	0	0	0
6649	1	100	6	200.000092	9	9	0	0	1.206277	0.001458	194.086761	1	0	0
6649	1	100	7	200.000092	0	0	0	92	1.000000	0.001458	0.000000	0	0	0
6649	1	100	7	200.000092	9	9	0	0	1.206277	0.001458	194.086761	1	0	0
6649	1	100	8	200.000092	0	0	0	93	1.000000	0.001458	0.000000	0	0	0
6649	1	100	8	200.000092	9	9	0	0	1.206277	0.001458	194.086761	1	0	0
6649	1	100	9	200.000092	0	0	0	100	1.000000	0.001458	0.000000	0	0	0
6649	1	100	9	200.000092	9	9	0	0	1.206277	0.001458	194.086761	1	0	0
6649	1	100	10	200.000092	0	0	0	100	1.000000	0.001458	0.000000	0	0	0
6649	1	100	10	200.000092	9	9	0	0	1.206277	0.001458	194.086761	1	0	0
6649	1	100	-1	200.000092	0	0	0	100	1.000000	0.001458	0.000000	0	0	0
6649	1	100	-1	200.000092	9	9	0	0	1.206277	0.001458	194.086761	1	0	0
6649	1	1000	0	200.000092	0	0	0	447	1.000000	0.001458	0.000000	0	0	0
6649	1	1000	0	200.000092	9	9	0	0	1.206277	0.001458	194.086761	1	0	0
6649	1	1000	1	200.000092	0	0	0	532	1.000000	0.001458	0.000000	0	0	0
6649	1	1000	1	200.000092	9	9	0	0	1.206277	0.001458	194.086761	1	0	0
6649	1	1000	2	200.000092	0	0	0	658	1.000000	0.001458	0.000000	0	0	0
6649	1	1000	2	200.000092	9	9	0	0	1.206277	0.001458	194.086761	1	0	0
6649	1	1000	3	200.000092	0	0	0	765	1.000000	0.001458	0.000000	0	0	0
6649	1	1000	3	200.000092	9	9	0	0	1.206277	0.001458	194.086761	1	0	0
6649	1	1000	4	200.000092	0	0	0	834	1.000000	0.001458	0.000000	0	0	0
6649	1	1000	4	200.000092	9	9	0	0	1.206277	0.001458	194.086761	1	0	0
6649	1	1000	5	200.000092	0	0	0	829	1.000000	0.001458	0.000000	0	0	0
6649	1	1000	5	200.000092	9	9	0	0	1.206277	0.001458	194.086761	1	0	0
6649	1	1000	6	200.000092	0	0	0	844	1.000000	0.001458	0.000000	0	0	0
6649	1	1000	6	200.000092	9	9	0	0	1.206277	0.001458	194.086761	1	0	0
6649	1	1000	7	200.000092	0	0	0	784	1.000000	0.001458	0.000000	0	0	0
6649	1	1000	7	200.000092	9	9	0	0	1.206277	0.001458	194.086761	1	0	0
6649	1	1000	8	200.000092	0	0	0	776	1.000000	0.001458	0.000000	0	0	0
6649	1	1000	8	200.000092	9	9	0	2	1.206277	0.001458	194.086761	1	0	0
6649	1	1000	9	200.000092	0	0	0	833	1.000000	0.001458	0.000000	0	0	0
6649	1	1000	9	200.000092	9	9	0	1	1.206277	0.001458	194.086761	1	0	0
6649	1	1000	10	200.000092	0	0	0	827	1.000000	0.001458	0.000000	0	0	0
6649	1	1000	10	200.000092	9	9	0	2	1.206277	0.001458	194.086761	1	0	0
6649	1	1000	-1	200.000092	0	0	0	998	1.000000	0.001458	0.000000	0	0	0
6649	1	1000	-1	200.000092	9	9	0	2	1.206277	0.001458	194.086761	1	0	0
6649	2	100	0	200.000092	0	0	0	194	1.000000	0.001458	0.000000	0	0	0
6649	2	100	0	200.000092	9	9	0	0	1.206277	0.001458	194.086761	1	0	0
6649	2	100	1	200.000092	0	0	0	194	1.000000	0.001458	0.000000	0	0	0
6649	2	100	1	200.000092	9	9	0	0	1.206277	0.001458	194.086761	1	0	0
6649	2	100	2	200.000092	0	0	0	183	1.000000	0.001458	0.000000	0	0	0
6649	2	100	2	200.000092	9	9	0	0	1.206277	0.001458	194.086761	1	0	0
6649	2	100	3	200.000092	0	0	0	183	1.000000	0.001458	0.000000	0	0	0
6649	2	100	3	200.000092	9	9	0	0	1.206277	0.001458	194.086761	1	0	0
6649	2	100	4	200.000092	0	0	0	200	1.000000	0.001458	0.000000	0	0	0
6649	2	100	4	200.000092	9	9	0	0	1.206277	0.001458	194.086761	1	0	0
6649	2	100	5	200.000092	0	0	0	200	1.000000	0.001458	0.000000	0	0	0
6649	2	100	5	200.000092	9	9	0	0	1.206277	0.001458	194.086761	1	0	0
6649	2	100	6	200.000092	0	0	0	200	1.000000	0.001458	0.000000	0	0	0
6649	2	100	6	200.000092	9	9	0	0	1.206277	0.001458	194.086761	1	0	0
6649	2	100	7	200.000092	0	0	0	184	1.000000	0.001458	0.000000	0	0	0
6649	2	100	7	200.000092	9	9	0	0	1.206277	0.001458	194.086761	1	0	0
6649	2	100	8	200.000092	0	0	0	184	1.000000	0.001458	0.000000	0	0	0
6649	2	100	8	200.000092	9	9	0	0	1.206277	0.001458	194.086761	1	0	0
6649	2	100	9	200.000092	0	0	0	200	1.000000	0.001458	0.000000	0	0	0
6649	2	100	9	200.000092	9	9	0	0	1.206277	0.001458	194.086761	1	0	0
6649	2	100	10	200.000092	0	0	0	200	1.000000	0.001458	0.000000	0	0	0
6649	2	100	10	200.000092	9	9	0	0	1.206277	0.001458	194.086761	1	0	0
6649	2	100	-1	200.000092	0	0	0	200	1.000000	0.001458	0.000000	0	0	0
6649	2	100	-1	200.000092	9	9	0	0	1.206277	0.001458	194.086761	1	0	0
6649	2	1000	0	200.000092	0	0	0	700	1.000000	0.001458	0.000000	0	0	0
6649	2	1000	0	200.000092	9	9	0	0	1.206277	0.001458	194.086761	1	0	0
6649	2	1000	1	200.000092	0	0	0	862	1.000000	0.001458	0.000000	0	0	0
6649	2	1000	1	200.000092	9	9	0	0	1.206277	0.001458	194.086761	1	0	0
6649	2	1000	2	200.000092	0	0	0	1112	1.000000	0.001458	0.000000	0	0	0
6649	2	1000	2	200.000092	9	9	0	0	1.206277	0.001458	194.086761	1	0	0
6649	2	1000	3	200.000092	0	0	0	1341	1.000000	0.001458	0.000000	0	0	0
6649	2	1000	3	200.000092	9	9	0	0	1.206277	0.001458	194.086761	1	0	0
6649	2	1000	4	200.000092	0	0	0	1594	1.000000	0.001458	0.000000	0	0	0
6649	2	1000	4	200.000092	9	9	0	0	1.206277	0.001458	194.086761	1	0	0
6649	2	1000	5	200.000092	0	0	0	1659	1.000000	0.001458	0.000000	0	0	0
6649	2	1000	5	200.000092	9	9	0	0	1.206277	0.001458	194.086761	1	0	0
6649	2	1000	6	200.000092	0	0	0	1677	1.000000	0.001458	0.000000	0	0	0
6649	2	1000	6	200.000092	9	9	0	0	1.206277	0.001458	194.086761	1	0	0
6649	2	1000	7	200.000092	0	0	0	1558	1.000000	0.001458	0.000000	0	0	0
6649	2	1000	7	200.000092	9	9	0	3	1.206277	0.001458	194.086761	1	0	0
6649	2	1000	8	200.000092	0	0	0	1559	1.000000	0.001458	0.000000	0	0	0
6649	2	1000	8	200.000092	9	9	0	1	1.206277	0.001458	194.086761	1	0	0
6649	2	1000	9	200.000092	0	0	0	1676	1.000000	0.001458	0.000000	0	0	0
6649	2	1000	9	200.000092	9	9	0	2	1.206277	0.001458	194.086761	1	0	0
6649	2	1000	10	200.000092	0	0	0	1652	1.000000	0.001458	0.000000	0	0	0
6649	2	1000	10	200.000092	9	9	0	6	1.206277	0.001458	194.086761	1	0	0
6649	2	1000	-1	200.000092	0	0	0	1997	1.000000	0.001458	0.000000	0	0	0
6649	2	1000	-1	200.000092	9	9	0	3	1.206277	0.001458	194.086761	1	0	0
6649	4	100	0	200.000092	0	0	0	353	1.000000	0.001458	0.000000	0	0	0
6649	4	100	0	200.000092	9	9	0	0	1.206277	0.001458	194.086761	1	0	0
6649	4	100	1	200.000092	0	0	0	353	1.000000	0.001458	0.000000	0	0	0
6649	4	100	1	200.000092	9	9	0	0	1.206277	0.001458	194.086761	1	0	0
6649	4	100	2	200.000092	0	0	0	361	1.000000	0.001458	0.000000	0	0	0
6649	4	100	2	200.000092	9	9	0	1	1.206277	0.001458	194.086761	1	0	0
6649	4	100	3	200.000092	0	0	0	366	1.000000	0.001458	0.000000	0	0	0
6649	4	100	3	200.000092	9	9	0	2	1.206277	0.001458	194.086761	1	0	0
6649	4	100	4	200.000092	0	0	0	398	1.000000	0.001458	0.000000	0	0	0
6649	4	100	4	200.000092	9	9	0	2	1.206277	0.001458	194.086761	1	0	0
6649	4	100	5	200.000092	0	0	0	399	1.000000	0.001458	0.000000	0	0	0
6649	4	100	5	200.000092	9	9	0	1	1.206277	0.001458	194.086761	1	0	0
6649	4	100	6	200.000092	0	0	0	398	1.000000	0.001458	0.000000	0	0	0
6649	4	100	6	200.000092	9	9	0	2	1.206277	0.001458	194.086761	1	0	0
6649	4	100	7	200.000092	0	0	0	370	1.000000	0.001458	0.000000	0	0	0
6649	4	100	7	200.000092	9	9	0	0	1.206277	0.001458	194.086761	1	0	0
6649	4	100	8	200.000092	0	0	0	371	1.000000	0.001458	0.000000	0	0	0
6649	4	100	8	200.000092	9	9	0	0	1.206277	0.001458	194.086761	1	0	0
6649	4	100	9	200.000092	0	0	0	396	1.000000	0.001458	0.000000	0	0	0
6649	4	100	9	200.000092	9	9	0	0	1.206277	0.001458	194.086761	1	0	0
6649	4	100	10	200.000092	0	0	0	400	1.000000	0.001458	0.000000	0	0	0
6649	4	100	10	200.000092	9	9	0	0	1.206277	0.001458	194.086761	1	0	0
6649	4	100	-1	200.000092	0	0	0	398	1.000000	0.001458	0.000000	0	0	0
6649	4	100	-1	200.000092	9	9	0	2	1.206277	0.001458	194.086761	1	0	0
6649	4	1000	0	200.000092	0	0	0	1559	1.000000	0.001458	0.000000	0	0	0
6649	4	1000	0	200.000092	9	9	0	1	1.206277	0.001458	194.086761	1	0	0
6649	4	1000	1	200.000092	0	0	0	1887	1.000000	0.001458	0.000000	0	0	0
6649	4	1000	1	200.000092	9	9	0	2	1.206277	0.001458	194.086761	1	0	0
6649	4	1000	2	200.000092	0	0	0	2316	1.000000	0.001458	0.000000	0	0	0
6649	4	1000	2	200.000092	9	9	0	9	1.206277	0.001458	194.086761	1	0	0
6649	4	1000	3	200.000092	0	0	0	2686	1.000000	0.001458	0.000000	0	0	0
6649	4	1000	3	200.000092	9	9	0	9	1.206277	0.001458	194.086761	1	0	0
6649	4	1000	4	200.000092	0	0	0	3181	1.000000	0.001458	0.000000	0	0	0
6649	4	1000	4	200.000092	9	9	0	12	1.206277	0.001458	194.086761	1	0	0
6649	4	1000	5	200.000092	0	0	0	3303	1.000000	0.001458	0.000000	0	0	0
6649	4	1000	5	200.000092	9	9	0	12	1.206277	0.001458	194.086761	1	0	0
6649	4	1000	6	200.000092	0	0	0	3357	1.000000	0.001458	0.000000	0	0	0
6649	4	1000	6	200.000092	9	9	0	12	1.206277	0.001458	194.086761	1	0	0
6649	4	1000	7	200.000092	0	0	0	3098	1.000000	0.001458	0.000000	0	0	0
6649	4	1000	7	200.000092	9	9	0	10	1.206277	0.001458	194.086761	1	0	0
6649	4	1000	8	200.000092	0	0	0	3098	1.000000	0.001458	0.000000	0	0	0
6649	4	1000	8	200.000092	9	9	0	6	1.206277	0.001458	194.086761	1	0	0
6649	4	1000	9	200.000092	0	0	0	3268	1.000000	0.001458	0.000000	0	0	0
6649	4	1000	9	200.000092	9	9	0	4	1.206277	0.001458	194.086761	1	0	0
6649	4	1000	10	200.000092	0	0	0	3315	1.000000	0.001458	0.000000	0	0	0
6649	4	1000	10	200.000092	9	9	0	6	1.206277	0.001458	194.086761	1	0	0
6649	4	1000	-1	200.000092	0	0	0	3996	1.000000	0.001458	0.000000	0	0	0
6649	4	1000	-1	200.000092	9	9	0	4	1.206277	0.001458	194.086761	1	0	0
