Population	Parent	Identity	DriverIdentity	DriverMutations	MigrationMutations	Immortal	PassengerMutations	BirthRate	MigrationRate	OriginTime	Descendants
0	0	0	0	0	0	1	0	1.000000	0.001458	0.000000	1000000
26820	0	25	25	1	0	1	0	1.507542	0.001458	304.927765	1000000
0	25	50	50	2	0	1	0	1.690915	0.001458	359.292175	338724
0	109	151	151	3	0	1	0	2.220891	0.001458	438.268616	5338
15057	25	109	109	2	0	1	0	2.080762	0.001458	414.641449	23638
271321	25	126	126	2	0	1	0	2.280894	0.001458	422.401764	603379
119277	50	159	159	3	0	1	0	2.313457	0.001458	440.285034	338724
7419	25	170	170	2	0	1	0	1.766016	0.001458	444.873779	7419
569	159	239	239	4	0	1	0	2.587440	0.001458	470.056641	4668
453	126	347	347	3	0	1	0	2.850829	0.001458	491.462494	618
31468	126	455	455	3	0	1	0	2.438167	0.001458	504.543762	31570
11859	126	491	491	3	0	1	0	3.332131	0.001458	508.460632	239351
28	159	534	534	4	0	1	0	2.604510	0.001458	513.881226	28
402	126	592	592	3	0	1	1	2.569620	0.001458	520.531921	402
35836	159	588	588	4	0	1	0	2.842756	0.001458	520.062195	41647
135	126	710	710	3	0	1	0	2.919655	0.001458	528.686646	188
299	151	625	625	4	0	1	0	2.899506	0.001458	522.575928	5338
0	126	930	930	3	0	1	0	2.497251	0.001458	542.670776	4469
0	491	621	621	4	0	1	0	3.721925	0.001458	522.340149	226872
284	126	645	645	3	0	1	0	2.781575	0.001458	523.408875	15959
173	159	695	695	4	0	1	0	2.542719	0.001458	527.432190	173
8303	159	911	911	4	0	1	0	2.660227	0.001458	541.768799	8531
8439	159	818	818	4	0	1	0	2.748642	0.001458	536.206848	8818
12960	159	777	777	4	0	1	0	2.910716	0.001458	533.217407	15253
4140	930	1179	1179	4	0	1	0	3.171069	0.001458	555.858337	4469
2087	159	940	940	4	0	1	0	2.697778	0.001458	543.299683	2090
414	159	1083	1083	4	0	1	0	2.401403	0.001458	551.136536	414
552	126	956	956	3	0	1	0	2.376677	0.001458	544.302917	765
851	159	1075	1075	4	0	1	0	2.407804	0.001458	550.800903	851
1970	239	1094	1094	5	0	1	0	2.963162	0.001458	551.746155	1985
1725	126	1177	1177	3	0	1	0	3.057215	0.001458	555.709656	1725
88186	159	1204	1204	4	0	1	0	3.197582	0.001458	557.360657	111484
516	126	1295	1295	3	0	1	0	2.546975	0.001458	560.995544	516
54	159	1394	1394	4	0	1	0	2.322284	0.001458	564.967468	54
414	126	1272	1272	3	0	1	0	2.439323	0.001458	560.277405	414
230	126	1203	1203	3	0	1	0	2.316493	0.001458	557.116943	230
1411	159	1244	1244	4	0	1	0	2.787493	0.001458	559.164185	1411
3908	159	1186	1186	4	0	1	0	2.937927	0.001458	556.123901	4265
17	347	1218	1218	4	0	1	0	3.638339	0.001458	557.833313	17
506	159	1236	1236	4	0	1	0	2.410110	0.001458	558.749634	506
13519	645	1384	1384	4	0	1	0	3.696292	0.001458	564.441345	15675
510	159	1241	1241	4	0	1	0	2.451060	0.001458	558.972656	510
4499	126	1589	1589	3	0	1	0	2.746340	0.001458	571.458191	4504
4126	126	1374	1374	3	0	1	1	2.662209	0.001458	564.071472	4126
6331	126	1543	1543	3	0	1	0	2.683724	0.001458	570.052368	6331
1909	126	1754	1754	3	0	1	0	2.915945	0.001458	576.785889	1909
12237	159	1458	1458	4	0	1	0	3.212799	0.001458	567.448914	12310
1900	126	1427	1427	3	0	1	1	2.632297	0.001458	566.075928	1900
167	126	1473	1473	3	0	1	0	2.479536	0.001458	567.801270	167
912	159	1518	1518	4	0	1	0	2.441929	0.001458	569.257141	912
1214	126	1528	1528	3	0	1	0	2.474252	0.001458	569.562927	1218
940	159	1618	1618	4	0	1	0	2.968055	0.001458	572.219238	940
20145	1204	1688	1688	5	0	1	0	4.152014	0.001458	574.668091	21682
1538	126	1893	1893	3	0	1	0	2.689037	0.001458	581.157104	1538
244	126	1604	1604	3	0	1	0	2.332349	0.001458	571.763855	244
5029	625	1710	1710	5	0	1	0	3.725047	0.001458	575.291565	5039
23	126	1784	1784	3	0	1	0	2.282695	0.001458	577.653503	23
222031	621	1652	1652	5	0	1	0	6.245811	0.001458	573.238281	226872
2980	588	1668	1668	5	0	1	0	3.109860	0.001458	573.870422	2980
47	1652	2426	2426	6	0	1	0	6.348284	0.001458	594.939575	47
2384	588	1804	1804	5	0	1	0	3.365476	0.001458	578.411255	2385
1200	1204	1770	1770	5	0	1	0	3.544482	0.001458	577.284119	1200
226	126	1796	1796	3	0	1	0	2.488399	0.001458	578.242554	512
88	159	1826	1826	4	0	1	0	2.319356	0.001458	579.216003	88
5024	126	1937	1937	3	0	1	0	2.890603	0.001458	582.220581	5028
2516	126	2007	2007	3	0	1	0	2.739819	0.001458	584.314331	2516
15	1094	2244	2244	6	0	1	0	3.006923	0.001458	590.536438	15
855	1652	2287	2287	6	0	1	1	6.658818	0.001458	591.738281	855
434	159	1950	1950	4	0	1	0	2.521512	0.001458	582.781616	434
1787	126	1866	1866	3	0	1	0	2.921419	0.001458	580.233276	1787
422	126	2658	2658	3	0	1	0	2.778572	0.001458	599.650391	422
1941	777	1922	1922	5	0	1	0	3.499361	0.001458	581.902588	1941
8	159	1929	1929	4	0	1	0	2.878553	0.001458	582.073975	8
352	777	2249	2249	5	0	1	0	3.050945	0.001458	590.680847	352
81	159	2145	2145	4	0	1	0	2.568094	0.001458	587.768311	81
669	126	1942	1942	3	0	1	0	3.003008	0.001458	582.480347	669
1449	109	1939	1939	3	0	1	0	2.328584	0.001458	582.263794	1449
365	588	1965	1965	5	0	1	0	3.046885	0.001458	583.257812	365
2114	239	2085	2085	5	0	1	0	3.599523	0.001458	586.335022	2114
593	491	2212	2212	4	0	1	0	4.110583	0.001458	589.677856	593
958	1652	2181	2181	6	0	1	0	6.693520	0.001458	588.849915	958
486	1652	2070	2070	6	0	1	0	6.324902	0.001458	586.054871	486
65	126	2108	2108	3	0	1	0	2.373375	0.001458	586.866150	65
1054	159	2264	2264	4	0	1	0	3.392778	0.001458	591.247009	1054
360	126	2120	2120	3	0	1	0	2.432085	0.001458	587.082275	360
1	25	2298	2298	2	0	1	0	2.097013	0.001458	592.028931	1
356	818	2231	2231	5	0	1	0	3.053935	0.001458	590.288269	356
842	109	2286	2286	3	0	1	0	2.522118	0.001458	591.733826	842
567	159	2454	2454	4	0	1	0	2.603858	0.001458	595.757629	567
213	956	2337	2337	4	0	1	0	2.406386	0.001458	592.887085	213
7	159	2296	2296	4	0	1	0	2.628008	0.001458	591.987366	7
153	126	2770	2770	3	0	1	0	2.620177	0.001458	601.668518	153
303	126	2726	2726	3	0	1	1	2.711692	0.001458	600.851562	303
270	126	2359	2359	3	0	1	0	2.457211	0.001458	593.589417	270
242	159	2346	2346	4	0	1	0	2.506938	0.001458	593.078125	242
82	159	2424	2424	4	0	1	1	2.477569	0.001458	594.901428	82
51	126	2574	2574	3	0	1	0	2.491557	0.001458	598.259827	51
952	109	2428	2428	3	0	1	0	2.374342	0.001458	594.982117	952
158	1652	2929	2929	6	0	1	0	6.587534	0.001458	604.588013	158
598	159	2388	2388	4	0	1	0	2.738608	0.001458	594.167969	598
109	126	2491	2491	3	0	1	1	2.437700	0.001458	596.576294	109
10	159	3150	3150	4	0	1	0	2.398841	0.001458	608.137085	10
20	126	2500	2500	3	0	1	0	2.370632	0.001458	596.786438	20
357	1186	2418	2418	5	0	1	0	3.292523	0.001458	594.740906	357
278	159	2567	2567	4	0	1	0	2.486768	0.001458	598.062439	278
53	710	2633	2633	4	0	1	0	3.195441	0.001458	599.199524	53
228	159	2468	2468	4	0	1	0	2.540638	0.001458	596.061890	228
17	159	3162	3162	4	0	1	0	2.384279	0.001458	608.280029	17
16	126	2610	2610	3	0	1	0	2.410899	0.001458	598.850891	16
8	159	3273	3273	4	0	1	0	2.382382	0.001458	610.040771	8
24	126	3023	3023	3	0	1	0	2.502386	0.001458	606.341125	24
1279	1688	2723	2723	6	0	1	0	4.892498	0.001458	600.786133	1279
175	1204	2595	2595	5	0	1	0	3.332770	0.001458	598.554932	175
65	159	2581	2581	4	0	1	0	2.347921	0.001458	598.307678	65
106	1204	2582	2582	5	0	1	0	3.199683	0.001458	598.325195	106
148	347	2765	2765	4	0	1	0	3.270059	0.001458	601.542297	148
10	1710	2589	2589	6	0	1	0	4.382742	0.001458	598.460815	10
454	159	2600	2600	4	0	1	0	2.834746	0.001458	598.712708	454
99	455	2662	2662	4	0	1	0	2.556190	0.001458	599.742065	99
878	126	2762	2762	3	0	1	0	2.882580	0.001458	601.446045	878
72	1652	2647	2647	6	0	1	0	6.294453	0.001458	599.415100	72
1637	1652	2689	2689	6	0	1	0	7.076224	0.001458	600.292908	1637
293	159	2698	2698	4	0	1	0	2.862686	0.001458	600.351318	293
155	126	2711	2711	3	0	1	0	2.685714	0.001458	600.550476	155
40	126	3007	3007	3	0	1	0	2.440795	0.001458	606.023010	40
43	1652	2721	2721	6	0	1	0	6.414909	0.001458	600.718994	43
4	126	2958	2958	3	0	1	0	2.317626	0.001458	605.170166	4
138	126	2730	2730	3	0	1	0	2.549825	0.001458	600.927612	138
327	1179	2731	2731	5	0	1	0	3.411381	0.001458	600.927979	327
2156	1384	2748	2748	5	0	1	0	4.899212	0.001458	601.095764	2156
44	1204	2996	2996	5	0	1	0	3.550865	0.001458	605.837708	44
1	126	2774	2774	3	0	1	0	2.530261	0.001458	601.767761	18
16	126	2912	2912	3	0	1	0	2.311620	0.001458	604.297058	16
38	159	2914	2914	4	0	1	0	2.520748	0.001458	604.366760	38
97	1688	2807	2807	6	0	1	0	4.488455	0.001458	602.356628	97
23	126	2810	2810	3	0	1	0	2.281842	0.001458	602.473328	23
12	126	2907	2907	3	0	1	0	2.313130	0.001458	604.164062	12
5	491	3221	3221	4	0	0	0	3.601478	0.001458	609.314636	5
271	1652	2944	2944	6	0	1	1	6.437862	0.001458	604.978638	271
286	1796	2890	2890	4	0	1	0	2.761024	0.001458	603.898193	286
67	1204	3012	3012	5	0	1	0	3.462742	0.001458	606.100891	67
88	1652	3038	3038	6	0	1	0	6.365180	0.001458	606.662842	88
54	126	3201	3201	3	0	1	0	2.708830	0.001458	609.071045	54
6	126	3019	3019	3	0	1	0	2.843015	0.001458	606.299866	6
73	1458	2935	2935	5	0	1	0	3.519049	0.001458	604.807617	73
1	1652	3421	3421	6	0	0	0	6.407844	0.001458	612.397827	1
13	126	3299	3299	3	0	1	0	2.491169	0.001458	610.575745	13
4	126	3412	3412	3	0	0	0	2.538185	0.001458	612.248291	4
54	1652	3039	3039	6	0	1	0	6.375984	0.001458	606.666809	54
17	2774	3151	3151	4	0	1	0	2.795205	0.001458	608.142029	17
8	159	3144	3144	4	0	1	0	2.362253	0.001458	608.103333	8
38	126	3133	3133	3	0	1	0	2.688873	0.001458	607.940979	38
24	126	3338	3338	3	0	1	0	2.882861	0.001458	611.299072	24
2	1179	3095	3095	5	0	1	0	3.246484	0.001458	607.362549	2
85	126	3051	3051	3	0	1	0	2.715442	0.001458	606.824036	85
1	1652	3422	3422	6	0	0	0	6.270123	0.001458	612.407227	1
2	126	3175	3175	3	0	1	0	2.465319	0.001458	608.470764	2
8	818	3337	3337	5	0	1	0	2.974914	0.001458	611.283264	8
67	1652	3189	3189	6	0	1	0	7.063835	0.001458	608.786804	67
18	159	3214	3214	4	0	1	1	2.593104	0.001458	609.212646	18
73	588	3066	3066	5	0	1	0	2.889264	0.001458	607.007446	73
63	126	3216	3216	3	0	1	0	2.883039	0.001458	609.228455	63
19	25	3068	3068	2	0	1	0	1.564822	0.001458	607.027832	19
6	1204	3314	3314	5	0	0	0	3.561749	0.001458	610.773499	6
15	1204	3322	3322	5	0	1	0	3.259341	0.001458	611.005554	15
2	1204	3417	3417	5	0	0	0	3.659324	0.001458	612.304138	2
4	1937	3241	3241	4	0	1	0	2.899867	0.001458	609.610107	4
3	1652	3210	3210	6	0	1	0	6.282131	0.001458	609.182373	3
228	911	3190	3190	5	0	1	0	3.452823	0.001458	608.809326	228
148	1688	3185	3185	6	0	1	0	5.054557	0.001458	608.734070	148
2	455	3368	3368	4	0	0	0	2.766678	0.001458	611.766235	2
2	1652	3313	3313	6	0	0	0	6.457680	0.001458	610.771484	2
21	1652	3233	3233	6	0	1	0	6.420928	0.001458	609.478821	21
1	588	3423	3423	5	0	0	0	2.846960	0.001458	612.418701	1
2	1652	3426	3426	6	0	0	0	6.333260	0.001458	612.514160	2
33	1652	3237	3237	6	0	1	0	6.386196	0.001458	609.531311	33
6	1688	3300	3300	6	0	1	0	4.352029	0.001458	610.591431	6
1	1589	3353	3353	4	0	0	1	2.748391	0.001458	611.582581	1
1	159	3392	3392	4	0	0	0	2.368524	0.001458	612.018677	1
7	1688	3341	3341	6	0	1	0	4.549882	0.001458	611.384644	7
1	126	3425	3425	3	0	0	0	2.383398	0.001458	612.483093	1
3	940	3354	3354	5	0	0	0	2.996720	0.001458	611.584595	3
3	159	3342	3342	4	0	0	0	2.660788	0.001458	611.403442	3
3	126	3355	3355	3	0	0	0	2.281264	0.001458	611.586792	3
15	818	3276	3276	5	0	1	1	3.181190	0.001458	610.128357	15
22	491	3325	3325	4	0	1	0	3.723174	0.001458	611.078796	22
9	126	3359	3359	3	0	0	1	2.576125	0.001458	611.684082	9
1	1804	3424	3424	6	0	0	0	3.566095	0.001458	612.442932	1
7	588	3362	3362	5	0	1	0	3.087976	0.001458	611.692932	7
6	1652	3366	3366	6	0	1	0	6.380799	0.001458	611.750549	6
4	1528	3394	3394	4	0	0	0	2.588734	0.001458	612.053528	4
1	1204	3372	3372	5	0	0	0	3.508521	0.001458	611.804626	1
4	1589	3418	3418	4	0	0	0	3.286464	0.001458	612.326599	4
5	1652	3375	3375	6	0	0	1	6.379184	0.001458	611.846619	5
4	1652	3383	3383	6	0	0	0	6.570771	0.001458	611.962708	4
3	1652	3400	3400	6	0	0	0	6.319993	0.001458	612.127258	3
1	455	3411	3411	4	0	0	0	2.513555	0.001458	612.224060	1
7	1652	3386	3386	6	0	0	0	6.278594	0.001458	611.974548	7
7	1652	3387	3387	6	0	0	0	6.295098	0.001458	611.979492	7
3	1652	3393	3393	6	0	0	0	6.275033	0.001458	612.050598	3
3	1652	3414	3414	6	0	0	0	6.880576	0.001458	612.256226	3
4	1652	3405	3405	6	0	0	0	7.175009	0.001458	612.140503	4
